return {
    {
        cframe = CFrame.new(0.3059272766113281, 0.6413614749908447, -1.5174007415771484, -0.998542845249176, -5.10290265083313E-4, 0.05396633595228195, -2.114800736308098E-5, 0.999958872795105, 0.0090640252456069, -0.05396874248981476, 0.009049673564732075, -0.9985018372535706), 
        fov = 187
    },
    {
        cframe = CFrame.new(0.3059272766113281, 0.6413614749908447, -1.5174007415771484, -0.998542845249176, -5.10290265083313E-4, 0.05396633595228195, -2.114800736308098E-5, 0.999958872795105, 0.0090640252456069, -0.05396874248981476, 0.009049673564732075, -0.9985018372535706), 
        fov = 187
    },
    {
        cframe = CFrame.new(0.3059272766113281, 0.6413614749908447, -1.5174007415771484, -0.998542845249176, -5.10290265083313E-4, 0.05396633595228195, -2.114800736308098E-5, 0.999958872795105, 0.0090640252456069, -0.05396874248981476, 0.009049673564732075, -0.9985018372535706), 
        fov = 187
    },
    {
        cframe = CFrame.new(0.3059272766113281, 0.6413614749908447, -1.5174007415771484, -0.998542845249176, -5.10290265083313E-4, 0.05396633595228195, -2.114800736308098E-5, 0.999958872795105, 0.0090640252456069, -0.05396874248981476, 0.009049673564732075, -0.9985018372535706), 
        fov = 187
    },
    {
        cframe = CFrame.new(0.3059272766113281, 0.6413614749908447, -1.5174007415771484, -0.998542845249176, -5.10290265083313E-4, 0.05396633595228195, -2.114800736308098E-5, 0.999958872795105, 0.0090640252456069, -0.05396874248981476, 0.009049673564732075, -0.9985018372535706), 
        fov = 187
    },
    {
        cframe = CFrame.new(0.3059272766113281, 0.6413614749908447, -1.5174007415771484, -0.998542845249176, -5.10290265083313E-4, 0.05396633595228195, -2.114800736308098E-5, 0.999958872795105, 0.0090640252456069, -0.05396874248981476, 0.009049673564732075, -0.9985018372535706), 
        fov = 187
    },
    {
        cframe = CFrame.new(0.3059272766113281, 0.6413614749908447, -1.5174007415771484, -0.998542845249176, -5.10290265083313E-4, 0.05396633595228195, -2.114800736308098E-5, 0.999958872795105, 0.0090640252456069, -0.05396874248981476, 0.009049673564732075, -0.9985018372535706), 
        fov = 187
    },
    {
        cframe = CFrame.new(0.3059272766113281, 0.6413614749908447, -1.5174007415771484, -0.998542845249176, -5.10290265083313E-4, 0.05396633595228195, -2.114800736308098E-5, 0.999958872795105, 0.0090640252456069, -0.05396874248981476, 0.009049673564732075, -0.9985018372535706), 
        fov = 187
    },
    {
        cframe = CFrame.new(0.3059272766113281, 0.6413614749908447, -1.5174007415771484, -0.998542845249176, -5.10290265083313E-4, 0.05396633595228195, -2.114800736308098E-5, 0.999958872795105, 0.0090640252456069, -0.05396874248981476, 0.009049673564732075, -0.9985018372535706), 
        fov = 187
    },
    {
        cframe = CFrame.new(0.3059272766113281, 0.6413614749908447, -1.5174007415771484, -0.998542845249176, -5.10290265083313E-4, 0.05396633595228195, -2.114800736308098E-5, 0.999958872795105, 0.0090640252456069, -0.05396874248981476, 0.009049673564732075, -0.9985018372535706), 
        fov = 187
    },
    {
        cframe = CFrame.new(0.3059272766113281, 0.6413614749908447, -1.5174007415771484, -0.998542845249176, -5.10290265083313E-4, 0.05396633595228195, -2.114800736308098E-5, 0.999958872795105, 0.0090640252456069, -0.05396874248981476, 0.009049673564732075, -0.9985018372535706), 
        fov = 187
    },
    {
        cframe = CFrame.new(0.3059272766113281, 0.6413614749908447, -1.5174007415771484, -0.998542845249176, -5.10290265083313E-4, 0.05396633595228195, -2.114800736308098E-5, 0.999958872795105, 0.0090640252456069, -0.05396874248981476, 0.009049673564732075, -0.9985018372535706), 
        fov = 187
    },
    {
        cframe = CFrame.new(0.3059272766113281, 0.6413614749908447, -1.5174007415771484, -0.998542845249176, -5.10290265083313E-4, 0.05396633595228195, -2.114800736308098E-5, 0.999958872795105, 0.0090640252456069, -0.05396874248981476, 0.009049673564732075, -0.9985018372535706), 
        fov = 187
    },
    {
        cframe = CFrame.new(0.3059272766113281, 0.6413614749908447, -1.5174007415771484, -0.998542845249176, -5.10290265083313E-4, 0.05396633595228195, -2.114800736308098E-5, 0.999958872795105, 0.0090640252456069, -0.05396874248981476, 0.009049673564732075, -0.9985018372535706), 
        fov = 187
    },
    {
        cframe = CFrame.new(0.3059272766113281, 0.6413614749908447, -1.5174007415771484, -0.998542845249176, -5.10290265083313E-4, 0.05396633595228195, -2.114800736308098E-5, 0.999958872795105, 0.0090640252456069, -0.05396874248981476, 0.009049673564732075, -0.9985018372535706), 
        fov = 187
    },
    {
        cframe = CFrame.new(0.3059272766113281, 0.6413614749908447, -1.5174007415771484, -0.998542845249176, -5.10290265083313E-4, 0.05396633595228195, -2.114800736308098E-5, 0.999958872795105, 0.0090640252456069, -0.05396874248981476, 0.009049673564732075, -0.9985018372535706), 
        fov = 187
    },
    {
        cframe = CFrame.new(0.3059272766113281, 0.6413614749908447, -1.5174007415771484, -0.998542845249176, -5.10290265083313E-4, 0.05396633595228195, -2.114800736308098E-5, 0.999958872795105, 0.0090640252456069, -0.05396874248981476, 0.009049673564732075, -0.9985018372535706), 
        fov = 187
    },
    {
        cframe = CFrame.new(0.3059272766113281, 0.6413614749908447, -1.5174007415771484, -0.998542845249176, -5.10290265083313E-4, 0.05396633595228195, -2.114800736308098E-5, 0.999958872795105, 0.0090640252456069, -0.05396874248981476, 0.009049673564732075, -0.9985018372535706), 
        fov = 187
    },
    {
        cframe = CFrame.new(0.3059272766113281, 0.6413614749908447, -1.5174007415771484, -0.998542845249176, -5.10290265083313E-4, 0.05396633595228195, -2.114800736308098E-5, 0.999958872795105, 0.0090640252456069, -0.05396874248981476, 0.009049673564732075, -0.9985018372535706), 
        fov = 187
    },
    {
        cframe = CFrame.new(0.3059272766113281, 0.6413614749908447, -1.5174007415771484, -0.998542845249176, -5.10290265083313E-4, 0.05396633595228195, -2.114800736308098E-5, 0.999958872795105, 0.0090640252456069, -0.05396874248981476, 0.009049673564732075, -0.9985018372535706), 
        fov = 187
    },
    {
        cframe = CFrame.new(0.3059272766113281, 0.6413614749908447, -1.5174007415771484, -0.998542845249176, -5.10290265083313E-4, 0.05396633595228195, -2.114800736308098E-5, 0.999958872795105, 0.0090640252456069, -0.05396874248981476, 0.009049673564732075, -0.9985018372535706), 
        fov = 187
    },
    {
        cframe = CFrame.new(0.3059272766113281, 0.6413614749908447, -1.5174007415771484, -0.998542845249176, -5.10290265083313E-4, 0.05396633595228195, -2.114800736308098E-5, 0.999958872795105, 0.0090640252456069, -0.05396874248981476, 0.009049673564732075, -0.9985018372535706), 
        fov = 187
    },
    {
        cframe = CFrame.new(0.3059272766113281, 0.6413614749908447, -1.5174007415771484, -0.998542845249176, -5.10290265083313E-4, 0.05396633595228195, -2.114800736308098E-5, 0.999958872795105, 0.0090640252456069, -0.05396874248981476, 0.009049673564732075, -0.9985018372535706), 
        fov = 187
    },
    {
        cframe = CFrame.new(0.3059272766113281, 0.6413614749908447, -1.5174007415771484, -0.998542845249176, -5.10290265083313E-4, 0.05396633595228195, -2.114800736308098E-5, 0.999958872795105, 0.0090640252456069, -0.05396874248981476, 0.009049673564732075, -0.9985018372535706), 
        fov = 187
    },
    {
        cframe = CFrame.new(0.3059272766113281, 0.6413614749908447, -1.5174007415771484, -0.998542845249176, -5.10290265083313E-4, 0.05396633595228195, -2.114800736308098E-5, 0.999958872795105, 0.0090640252456069, -0.05396874248981476, 0.009049673564732075, -0.9985018372535706), 
        fov = 187
    },
    {
        cframe = CFrame.new(0.3059272766113281, 0.6413614749908447, -1.5174007415771484, -0.998542845249176, -5.10290265083313E-4, 0.05396633595228195, -2.114800736308098E-5, 0.999958872795105, 0.0090640252456069, -0.05396874248981476, 0.009049673564732075, -0.9985018372535706), 
        fov = 187
    },
    {
        cframe = CFrame.new(0.3059272766113281, 0.6413614749908447, -1.5174007415771484, -0.998542845249176, -5.10290265083313E-4, 0.05396633595228195, -2.114800736308098E-5, 0.999958872795105, 0.0090640252456069, -0.05396874248981476, 0.009049673564732075, -0.9985018372535706), 
        fov = 187
    },
    {
        cframe = CFrame.new(0.3059272766113281, 0.6413614749908447, -1.5174007415771484, -0.998542845249176, -5.10290265083313E-4, 0.05396633595228195, -2.114800736308098E-5, 0.999958872795105, 0.0090640252456069, -0.05396874248981476, 0.009049673564732075, -0.9985018372535706), 
        fov = 187
    },
    {
        cframe = CFrame.new(0.3059272766113281, 0.6413614749908447, -1.5174007415771484, -0.998542845249176, -5.10290265083313E-4, 0.05396633595228195, -2.114800736308098E-5, 0.999958872795105, 0.0090640252456069, -0.05396874248981476, 0.009049673564732075, -0.9985018372535706), 
        fov = 187
    },
    {
        cframe = CFrame.new(0.3059272766113281, 0.6413614749908447, -1.5174007415771484, -0.998542845249176, -5.10290265083313E-4, 0.05396633595228195, -2.114800736308098E-5, 0.999958872795105, 0.0090640252456069, -0.05396874248981476, 0.009049673564732075, -0.9985018372535706), 
        fov = 187
    },
    {
        cframe = CFrame.new(0.3059272766113281, 0.6413614749908447, -1.5174007415771484, -0.998542845249176, -5.10290265083313E-4, 0.05396633595228195, -2.114800736308098E-5, 0.999958872795105, 0.0090640252456069, -0.05396874248981476, 0.009049673564732075, -0.9985018372535706), 
        fov = 187
    },
    {
        cframe = CFrame.new(0.3059272766113281, 0.6413614749908447, -1.5174007415771484, -0.998542845249176, -5.10290265083313E-4, 0.05396633595228195, -2.114800736308098E-5, 0.999958872795105, 0.0090640252456069, -0.05396874248981476, 0.009049673564732075, -0.9985018372535706), 
        fov = 187
    },
    {
        cframe = CFrame.new(0.3059272766113281, 0.6413614749908447, -1.5174007415771484, -0.998542845249176, -5.10290265083313E-4, 0.05396633595228195, -2.114800736308098E-5, 0.999958872795105, 0.0090640252456069, -0.05396874248981476, 0.009049673564732075, -0.9985018372535706), 
        fov = 187
    },
    {
        cframe = CFrame.new(0.3059272766113281, 0.6413614749908447, -1.5174007415771484, -0.998542845249176, -5.10290265083313E-4, 0.05396633595228195, -2.114800736308098E-5, 0.999958872795105, 0.0090640252456069, -0.05396874248981476, 0.009049673564732075, -0.9985018372535706), 
        fov = 187
    },
    {
        cframe = CFrame.new(0.3059272766113281, 0.6413614749908447, -1.5174007415771484, -0.998542845249176, -5.10290265083313E-4, 0.05396633595228195, -2.114800736308098E-5, 0.999958872795105, 0.0090640252456069, -0.05396874248981476, 0.009049673564732075, -0.9985018372535706), 
        fov = 187
    },
    {
        cframe = CFrame.new(0.3059272766113281, 0.6413614749908447, -1.5174007415771484, -0.998542845249176, -5.10290265083313E-4, 0.05396633595228195, -2.114800736308098E-5, 0.999958872795105, 0.0090640252456069, -0.05396874248981476, 0.009049673564732075, -0.9985018372535706), 
        fov = 187
    },
    {
        cframe = CFrame.new(0.3059272766113281, 0.6413614749908447, -1.5174007415771484, -0.998542845249176, -5.10290265083313E-4, 0.05396633595228195, -2.114800736308098E-5, 0.999958872795105, 0.0090640252456069, -0.05396874248981476, 0.009049673564732075, -0.9985018372535706), 
        fov = 187
    },
    {
        cframe = CFrame.new(0.3059272766113281, 0.6413614749908447, -1.5174007415771484, -0.998542845249176, -5.10290265083313E-4, 0.05396633595228195, -2.114800736308098E-5, 0.999958872795105, 0.0090640252456069, -0.05396874248981476, 0.009049673564732075, -0.9985018372535706), 
        fov = 187
    },
    {
        cframe = CFrame.new(0.3059272766113281, 0.6413614749908447, -1.5174007415771484, -0.998542845249176, -5.10290265083313E-4, 0.05396633595228195, -2.114800736308098E-5, 0.999958872795105, 0.0090640252456069, -0.05396874248981476, 0.009049673564732075, -0.9985018372535706), 
        fov = 187
    },
    {
        cframe = CFrame.new(0.3059272766113281, 0.6413614749908447, -1.5174007415771484, -0.998542845249176, -5.10290265083313E-4, 0.05396633595228195, -2.114800736308098E-5, 0.999958872795105, 0.0090640252456069, -0.05396874248981476, 0.009049673564732075, -0.9985018372535706), 
        fov = 187
    },
    {
        cframe = CFrame.new(0.3059272766113281, 0.6413614749908447, -1.5174007415771484, -0.998542845249176, -5.10290265083313E-4, 0.05396633595228195, -2.114800736308098E-5, 0.999958872795105, 0.0090640252456069, -0.05396874248981476, 0.009049673564732075, -0.9985018372535706), 
        fov = 187
    },
    {
        cframe = CFrame.new(0.3059272766113281, 0.6413614749908447, -1.5174007415771484, -0.998542845249176, -5.10290265083313E-4, 0.05396633595228195, -2.114800736308098E-5, 0.999958872795105, 0.0090640252456069, -0.05396874248981476, 0.009049673564732075, -0.9985018372535706), 
        fov = 187
    },
    {
        cframe = CFrame.new(0.3059272766113281, 0.6413614749908447, -1.5174007415771484, -0.998542845249176, -5.10290265083313E-4, 0.05396633595228195, -2.114800736308098E-5, 0.999958872795105, 0.0090640252456069, -0.05396874248981476, 0.009049673564732075, -0.9985018372535706), 
        fov = 187
    },
    {
        cframe = CFrame.new(0.3059272766113281, 0.6413614749908447, -1.5174007415771484, -0.998542845249176, -5.10290265083313E-4, 0.05396633595228195, -2.114800736308098E-5, 0.999958872795105, 0.0090640252456069, -0.05396874248981476, 0.009049673564732075, -0.9985018372535706), 
        fov = 187
    },
    {
        cframe = CFrame.new(0.3059272766113281, 0.6413614749908447, -1.5174007415771484, -0.998542845249176, -5.10290265083313E-4, 0.05396633595228195, -2.114800736308098E-5, 0.999958872795105, 0.0090640252456069, -0.05396874248981476, 0.009049673564732075, -0.9985018372535706), 
        fov = 187
    },
    {
        cframe = CFrame.new(0.3059272766113281, 0.6413614749908447, -1.5174007415771484, -0.998542845249176, -5.10290265083313E-4, 0.05396633595228195, -2.114800736308098E-5, 0.999958872795105, 0.0090640252456069, -0.05396874248981476, 0.009049673564732075, -0.9985018372535706), 
        fov = 187
    },
    {
        cframe = CFrame.new(0.3059272766113281, 0.6413614749908447, -1.5174007415771484, -0.998542845249176, -5.10290265083313E-4, 0.05396633595228195, -2.114800736308098E-5, 0.999958872795105, 0.0090640252456069, -0.05396874248981476, 0.009049673564732075, -0.9985018372535706), 
        fov = 187
    },
    {
        cframe = CFrame.new(0.3059272766113281, 0.6413614749908447, -1.5174007415771484, -0.998542845249176, -5.10290265083313E-4, 0.05396633595228195, -2.114800736308098E-5, 0.999958872795105, 0.0090640252456069, -0.05396874248981476, 0.009049673564732075, -0.9985018372535706), 
        fov = 187
    },
    {
        cframe = CFrame.new(0.3059272766113281, 0.6413614749908447, -1.5174007415771484, -0.998542845249176, -5.10290265083313E-4, 0.05396633595228195, -2.114800736308098E-5, 0.999958872795105, 0.0090640252456069, -0.05396874248981476, 0.009049673564732075, -0.9985018372535706), 
        fov = 187
    },
    {
        cframe = CFrame.new(0.3059272766113281, 0.6413614749908447, -1.5174007415771484, -0.998542845249176, -5.10290265083313E-4, 0.05396633595228195, -2.114800736308098E-5, 0.999958872795105, 0.0090640252456069, -0.05396874248981476, 0.009049673564732075, -0.9985018372535706), 
        fov = 187
    },
    {
        cframe = CFrame.new(0.3059272766113281, 0.6413614749908447, -1.5174007415771484, -0.998542845249176, -5.10290265083313E-4, 0.05396633595228195, -2.114800736308098E-5, 0.999958872795105, 0.0090640252456069, -0.05396874248981476, 0.009049673564732075, -0.9985018372535706), 
        fov = 187
    },
    {
        cframe = CFrame.new(0.3059272766113281, 0.6413614749908447, -1.5174007415771484, -0.998542845249176, -5.10290265083313E-4, 0.05396633595228195, -2.114800736308098E-5, 0.999958872795105, 0.0090640252456069, -0.05396874248981476, 0.009049673564732075, -0.9985018372535706), 
        fov = 187
    },
    {
        cframe = CFrame.new(0.3059272766113281, 0.6413614749908447, -1.5174007415771484, -0.998542845249176, -5.10290265083313E-4, 0.05396633595228195, -2.114800736308098E-5, 0.999958872795105, 0.0090640252456069, -0.05396874248981476, 0.009049673564732075, -0.9985018372535706), 
        fov = 187
    },
    {
        cframe = CFrame.new(0.3059272766113281, 0.6413614749908447, -1.5174007415771484, -0.998542845249176, -5.10290265083313E-4, 0.05396633595228195, -2.114800736308098E-5, 0.999958872795105, 0.0090640252456069, -0.05396874248981476, 0.009049673564732075, -0.9985018372535706), 
        fov = 187
    },
    {
        cframe = CFrame.new(0.3059272766113281, 0.6413614749908447, -1.5174007415771484, -0.998542845249176, -5.10290265083313E-4, 0.05396633595228195, -2.114800736308098E-5, 0.999958872795105, 0.0090640252456069, -0.05396874248981476, 0.009049673564732075, -0.9985018372535706), 
        fov = 187
    },
    {
        cframe = CFrame.new(0.3059272766113281, 0.6413614749908447, -1.5174007415771484, -0.998542845249176, -5.10290265083313E-4, 0.05396633595228195, -2.114800736308098E-5, 0.999958872795105, 0.0090640252456069, -0.05396874248981476, 0.009049673564732075, -0.9985018372535706), 
        fov = 187
    },
    {
        cframe = CFrame.new(0.3059272766113281, 0.6413614749908447, -1.5174007415771484, -0.998542845249176, -5.10290265083313E-4, 0.05396633595228195, -2.114800736308098E-5, 0.999958872795105, 0.0090640252456069, -0.05396874248981476, 0.009049673564732075, -0.9985018372535706), 
        fov = 187
    },
    {
        cframe = CFrame.new(0.3059272766113281, 0.6413614749908447, -1.5174007415771484, -0.998542845249176, -5.10290265083313E-4, 0.05396633595228195, -2.114800736308098E-5, 0.999958872795105, 0.0090640252456069, -0.05396874248981476, 0.009049673564732075, -0.9985018372535706), 
        fov = 187
    },
    {
        cframe = CFrame.new(0.3059272766113281, 0.6413614749908447, -1.5174007415771484, -0.998542845249176, -5.10290265083313E-4, 0.05396633595228195, -2.114800736308098E-5, 0.999958872795105, 0.0090640252456069, -0.05396874248981476, 0.009049673564732075, -0.9985018372535706), 
        fov = 187
    },
    {
        cframe = CFrame.new(0.3059272766113281, 0.6413614749908447, -1.5174007415771484, -0.998542845249176, -5.10290265083313E-4, 0.05396633595228195, -2.114800736308098E-5, 0.999958872795105, 0.0090640252456069, -0.05396874248981476, 0.009049673564732075, -0.9985018372535706), 
        fov = 187
    },
    {
        cframe = CFrame.new(0.3059272766113281, 0.6413614749908447, -1.5174007415771484, -0.998542845249176, -5.10290265083313E-4, 0.05396633595228195, -2.114800736308098E-5, 0.999958872795105, 0.0090640252456069, -0.05396874248981476, 0.009049673564732075, -0.9985018372535706), 
        fov = 187
    },
    {
        cframe = CFrame.new(0.3059272766113281, 0.6413614749908447, -1.5174007415771484, -0.998542845249176, -5.10290265083313E-4, 0.05396633595228195, -2.114800736308098E-5, 0.999958872795105, 0.0090640252456069, -0.05396874248981476, 0.009049673564732075, -0.9985018372535706), 
        fov = 187
    },
    {
        cframe = CFrame.new(0.3059272766113281, 0.6413614749908447, -1.5174007415771484, -0.998542845249176, -5.10290265083313E-4, 0.05396633595228195, -2.114800736308098E-5, 0.999958872795105, 0.0090640252456069, -0.05396874248981476, 0.009049673564732075, -0.9985018372535706), 
        fov = 187
    },
    {
        cframe = CFrame.new(0.3059272766113281, 0.6413614749908447, -1.5174007415771484, -0.998542845249176, -5.10290265083313E-4, 0.05396633595228195, -2.114800736308098E-5, 0.999958872795105, 0.0090640252456069, -0.05396874248981476, 0.009049673564732075, -0.9985018372535706), 
        fov = 187
    },
    {
        cframe = CFrame.new(0.3059272766113281, 0.6413614749908447, -1.5174007415771484, -0.998542845249176, -5.10290265083313E-4, 0.05396633595228195, -2.114800736308098E-5, 0.999958872795105, 0.0090640252456069, -0.05396874248981476, 0.009049673564732075, -0.9985018372535706), 
        fov = 187
    },
    {
        cframe = CFrame.new(0.3059272766113281, 0.6413614749908447, -1.5174007415771484, -0.998542845249176, -5.10290265083313E-4, 0.05396633595228195, -2.114800736308098E-5, 0.999958872795105, 0.0090640252456069, -0.05396874248981476, 0.009049673564732075, -0.9985018372535706), 
        fov = 187
    },
    {
        cframe = CFrame.new(0.3059272766113281, 0.6413614749908447, -1.5174007415771484, -0.998542845249176, -5.10290265083313E-4, 0.05396633595228195, -2.114800736308098E-5, 0.999958872795105, 0.0090640252456069, -0.05396874248981476, 0.009049673564732075, -0.9985018372535706), 
        fov = 187
    },
    {
        cframe = CFrame.new(0.3059272766113281, 0.6413614749908447, -1.5174007415771484, -0.998542845249176, -5.10290265083313E-4, 0.05396633595228195, -2.114800736308098E-5, 0.999958872795105, 0.0090640252456069, -0.05396874248981476, 0.009049673564732075, -0.9985018372535706), 
        fov = 187
    },
    {
        cframe = CFrame.new(0.3059272766113281, 0.6413614749908447, -1.5174007415771484, -0.998542845249176, -5.10290265083313E-4, 0.05396633595228195, -2.114800736308098E-5, 0.999958872795105, 0.0090640252456069, -0.05396874248981476, 0.009049673564732075, -0.9985018372535706), 
        fov = 187
    },
    {
        cframe = CFrame.new(0.3059272766113281, 0.6413614749908447, -1.5174007415771484, -0.998542845249176, -5.10290265083313E-4, 0.05396633595228195, -2.114800736308098E-5, 0.999958872795105, 0.0090640252456069, -0.05396874248981476, 0.009049673564732075, -0.9985018372535706), 
        fov = 187
    },
    {
        cframe = CFrame.new(0.3059272766113281, 0.6413614749908447, -1.5174007415771484, -0.998542845249176, -5.10290265083313E-4, 0.05396633595228195, -2.114800736308098E-5, 0.999958872795105, 0.0090640252456069, -0.05396874248981476, 0.009049673564732075, -0.9985018372535706), 
        fov = 187
    },
    {
        cframe = CFrame.new(0.3059272766113281, 0.6413614749908447, -1.5174007415771484, -0.998542845249176, -5.10290265083313E-4, 0.05396633595228195, -2.114800736308098E-5, 0.999958872795105, 0.0090640252456069, -0.05396874248981476, 0.009049673564732075, -0.9985018372535706), 
        fov = 187
    },
    {
        cframe = CFrame.new(0.3059272766113281, 0.6413614749908447, -1.5174007415771484, -0.998542845249176, -5.10290265083313E-4, 0.05396633595228195, -2.114800736308098E-5, 0.999958872795105, 0.0090640252456069, -0.05396874248981476, 0.009049673564732075, -0.9985018372535706), 
        fov = 187
    },
    {
        cframe = CFrame.new(0.3059272766113281, 0.6413614749908447, -1.5174007415771484, -0.998542845249176, -5.10290265083313E-4, 0.05396633595228195, -2.114800736308098E-5, 0.999958872795105, 0.0090640252456069, -0.05396874248981476, 0.009049673564732075, -0.9985018372535706), 
        fov = 187
    },
    {
        cframe = CFrame.new(0.3059272766113281, 0.6413614749908447, -1.5174007415771484, -0.998542845249176, -5.10290265083313E-4, 0.05396633595228195, -2.114800736308098E-5, 0.999958872795105, 0.0090640252456069, -0.05396874248981476, 0.009049673564732075, -0.9985018372535706), 
        fov = 187
    },
    {
        cframe = CFrame.new(0.3059272766113281, 0.6413614749908447, -1.5174007415771484, -0.998542845249176, -5.10290265083313E-4, 0.05396633595228195, -2.114800736308098E-5, 0.999958872795105, 0.0090640252456069, -0.05396874248981476, 0.009049673564732075, -0.9985018372535706), 
        fov = 187
    },
    {
        cframe = CFrame.new(0.3059272766113281, 0.6413614749908447, -1.5174007415771484, -0.998542845249176, -5.10290265083313E-4, 0.05396633595228195, -2.114800736308098E-5, 0.999958872795105, 0.0090640252456069, -0.05396874248981476, 0.009049673564732075, -0.9985018372535706), 
        fov = 187
    },
    {
        cframe = CFrame.new(0.3059272766113281, 0.6413614749908447, -1.5174007415771484, -0.998542845249176, -5.10290265083313E-4, 0.05396633595228195, -2.114800736308098E-5, 0.999958872795105, 0.0090640252456069, -0.05396874248981476, 0.009049673564732075, -0.9985018372535706), 
        fov = 187
    },
    {
        cframe = CFrame.new(0.3059272766113281, 0.6413614749908447, -1.5174007415771484, -0.998542845249176, -5.10290265083313E-4, 0.05396633595228195, -2.114800736308098E-5, 0.999958872795105, 0.0090640252456069, -0.05396874248981476, 0.009049673564732075, -0.9985018372535706), 
        fov = 187
    },
    {
        cframe = CFrame.new(0.3059272766113281, 0.6413614749908447, -1.5174007415771484, -0.998542845249176, -5.10290265083313E-4, 0.05396633595228195, -2.114800736308098E-5, 0.999958872795105, 0.0090640252456069, -0.05396874248981476, 0.009049673564732075, -0.9985018372535706), 
        fov = 187
    },
    {
        cframe = CFrame.new(0.3059272766113281, 0.6413614749908447, -1.5174007415771484, -0.998542845249176, -5.10290265083313E-4, 0.05396633595228195, -2.114800736308098E-5, 0.999958872795105, 0.0090640252456069, -0.05396874248981476, 0.009049673564732075, -0.9985018372535706), 
        fov = 187
    },
    {
        cframe = CFrame.new(0.3059272766113281, 0.6413614749908447, -1.5174007415771484, -0.998542845249176, -5.10290265083313E-4, 0.05396633595228195, -2.114800736308098E-5, 0.999958872795105, 0.0090640252456069, -0.05396874248981476, 0.009049673564732075, -0.9985018372535706), 
        fov = 187
    },
    {
        cframe = CFrame.new(0.3059272766113281, 0.6413614749908447, -1.5174007415771484, -0.998542845249176, -5.10290265083313E-4, 0.05396633595228195, -2.114800736308098E-5, 0.999958872795105, 0.0090640252456069, -0.05396874248981476, 0.009049673564732075, -0.9985018372535706), 
        fov = 187
    },
    {
        cframe = CFrame.new(0.3059272766113281, 0.6413614749908447, -1.5174007415771484, -0.998542845249176, -5.10290265083313E-4, 0.05396633595228195, -2.114800736308098E-5, 0.999958872795105, 0.0090640252456069, -0.05396874248981476, 0.009049673564732075, -0.9985018372535706), 
        fov = 187
    },
    {
        cframe = CFrame.new(0.3059272766113281, 0.6413614749908447, -1.5174007415771484, -0.998542845249176, -5.10290265083313E-4, 0.05396633595228195, -2.114800736308098E-5, 0.999958872795105, 0.0090640252456069, -0.05396874248981476, 0.009049673564732075, -0.9985018372535706), 
        fov = 187
    },
    {
        cframe = CFrame.new(0.3059272766113281, 0.6413614749908447, -1.5174007415771484, -0.998542845249176, -5.10290265083313E-4, 0.05396633595228195, -2.114800736308098E-5, 0.999958872795105, 0.0090640252456069, -0.05396874248981476, 0.009049673564732075, -0.9985018372535706), 
        fov = 187
    },
    {
        cframe = CFrame.new(0.3059272766113281, 0.6413614749908447, -1.5174007415771484, -0.998542845249176, -5.10290265083313E-4, 0.05396633595228195, -2.114800736308098E-5, 0.999958872795105, 0.0090640252456069, -0.05396874248981476, 0.009049673564732075, -0.9985018372535706), 
        fov = 187
    },
    {
        cframe = CFrame.new(0.3059272766113281, 0.6413614749908447, -1.5174007415771484, -0.998542845249176, -5.10290265083313E-4, 0.05396633595228195, -2.114800736308098E-5, 0.999958872795105, 0.0090640252456069, -0.05396874248981476, 0.009049673564732075, -0.9985018372535706), 
        fov = 187
    },
    {
        cframe = CFrame.new(0.3059272766113281, 0.6413614749908447, -1.5174007415771484, -0.998542845249176, -5.10290265083313E-4, 0.05396633595228195, -2.114800736308098E-5, 0.999958872795105, 0.0090640252456069, -0.05396874248981476, 0.009049673564732075, -0.9985018372535706), 
        fov = 187
    },
    {
        cframe = CFrame.new(0.3059272766113281, 0.6413614749908447, -1.5174007415771484, -0.998542845249176, -5.10290265083313E-4, 0.05396633595228195, -2.114800736308098E-5, 0.999958872795105, 0.0090640252456069, -0.05396874248981476, 0.009049673564732075, -0.9985018372535706), 
        fov = 187
    },
    {
        cframe = CFrame.new(0.3059272766113281, 0.6413614749908447, -1.5174007415771484, -0.998542845249176, -5.10290265083313E-4, 0.05396633595228195, -2.114800736308098E-5, 0.999958872795105, 0.0090640252456069, -0.05396874248981476, 0.009049673564732075, -0.9985018372535706), 
        fov = 187
    },
    {
        cframe = CFrame.new(0.3059272766113281, 0.6413614749908447, -1.5174007415771484, -0.998542845249176, -5.10290265083313E-4, 0.05396633595228195, -2.114800736308098E-5, 0.999958872795105, 0.0090640252456069, -0.05396874248981476, 0.009049673564732075, -0.9985018372535706), 
        fov = 187
    },
    {
        cframe = CFrame.new(0.3059272766113281, 0.6413614749908447, -1.5174007415771484, -0.998542845249176, -5.10290265083313E-4, 0.05396633595228195, -2.114800736308098E-5, 0.999958872795105, 0.0090640252456069, -0.05396874248981476, 0.009049673564732075, -0.9985018372535706), 
        fov = 187
    },
    {
        cframe = CFrame.new(0.3059272766113281, 0.6413614749908447, -1.5174007415771484, -0.998542845249176, -5.10290265083313E-4, 0.05396633595228195, -2.114800736308098E-5, 0.999958872795105, 0.0090640252456069, -0.05396874248981476, 0.009049673564732075, -0.9985018372535706), 
        fov = 187
    },
    {
        cframe = CFrame.new(0.3059272766113281, 0.6413614749908447, -1.5174007415771484, -0.998542845249176, -5.10290265083313E-4, 0.05396633595228195, -2.114800736308098E-5, 0.999958872795105, 0.0090640252456069, -0.05396874248981476, 0.009049673564732075, -0.9985018372535706), 
        fov = 187
    },
    {
        cframe = CFrame.new(0.3059272766113281, 0.6413614749908447, -1.5174007415771484, -0.998542845249176, -5.10290265083313E-4, 0.05396633595228195, -2.114800736308098E-5, 0.999958872795105, 0.0090640252456069, -0.05396874248981476, 0.009049673564732075, -0.9985018372535706), 
        fov = 187
    },
    {
        cframe = CFrame.new(0.3059272766113281, 0.6413614749908447, -1.5174007415771484, -0.998542845249176, -5.10290265083313E-4, 0.05396633595228195, -2.114800736308098E-5, 0.999958872795105, 0.0090640252456069, -0.05396874248981476, 0.009049673564732075, -0.9985018372535706), 
        fov = 187
    },
    {
        cframe = CFrame.new(0.3059272766113281, 0.6413614749908447, -1.5174007415771484, -0.998542845249176, -5.10290265083313E-4, 0.05396633595228195, -2.114800736308098E-5, 0.999958872795105, 0.0090640252456069, -0.05396874248981476, 0.009049673564732075, -0.9985018372535706), 
        fov = 187
    },
    {
        cframe = CFrame.new(0.3059272766113281, 0.6413614749908447, -1.5174007415771484, -0.998542845249176, -5.10290265083313E-4, 0.05396633595228195, -2.114800736308098E-5, 0.999958872795105, 0.0090640252456069, -0.05396874248981476, 0.009049673564732075, -0.9985018372535706), 
        fov = 187
    },
    {
        cframe = CFrame.new(0.3059272766113281, 0.6413614749908447, -1.5174007415771484, -0.998542845249176, -5.10290265083313E-4, 0.05396633595228195, -2.114800736308098E-5, 0.999958872795105, 0.0090640252456069, -0.05396874248981476, 0.009049673564732075, -0.9985018372535706), 
        fov = 187
    },
    {
        cframe = CFrame.new(0.3059272766113281, 0.6413614749908447, -1.5174007415771484, -0.998542845249176, -5.10290265083313E-4, 0.05396633595228195, -2.114800736308098E-5, 0.999958872795105, 0.0090640252456069, -0.05396874248981476, 0.009049673564732075, -0.9985018372535706), 
        fov = 187
    },
    {
        cframe = CFrame.new(0.3059272766113281, 0.6413614749908447, -1.5174007415771484, -0.998542845249176, -5.10290265083313E-4, 0.05396633595228195, -2.114800736308098E-5, 0.999958872795105, 0.0090640252456069, -0.05396874248981476, 0.009049673564732075, -0.9985018372535706), 
        fov = 187
    },
    {
        cframe = CFrame.new(0.3059272766113281, 0.6413614749908447, -1.5174007415771484, -0.998542845249176, -5.10290265083313E-4, 0.05396633595228195, -2.114800736308098E-5, 0.999958872795105, 0.0090640252456069, -0.05396874248981476, 0.009049673564732075, -0.9985018372535706), 
        fov = 187
    },
    {
        cframe = CFrame.new(0.3059272766113281, 0.6413614749908447, -1.5174007415771484, -0.998542845249176, -5.10290265083313E-4, 0.05396633595228195, -2.114800736308098E-5, 0.999958872795105, 0.0090640252456069, -0.05396874248981476, 0.009049673564732075, -0.9985018372535706), 
        fov = 187
    },
    {
        cframe = CFrame.new(0.3059272766113281, 0.6413614749908447, -1.5174007415771484, -0.998542845249176, -5.10290265083313E-4, 0.05396633595228195, -2.114800736308098E-5, 0.999958872795105, 0.0090640252456069, -0.05396874248981476, 0.009049673564732075, -0.9985018372535706), 
        fov = 187
    },
    {
        cframe = CFrame.new(0.3059272766113281, 0.6413614749908447, -1.5174007415771484, -0.998542845249176, -5.10290265083313E-4, 0.05396633595228195, -2.114800736308098E-5, 0.999958872795105, 0.0090640252456069, -0.05396874248981476, 0.009049673564732075, -0.9985018372535706), 
        fov = 187
    },
    {
        cframe = CFrame.new(0.3059272766113281, 0.6413614749908447, -1.5174007415771484, -0.998542845249176, -5.10290265083313E-4, 0.05396633595228195, -2.114800736308098E-5, 0.999958872795105, 0.0090640252456069, -0.05396874248981476, 0.009049673564732075, -0.9985018372535706), 
        fov = 187
    },
    {
        cframe = CFrame.new(0.3059272766113281, 0.6413614749908447, -1.5174007415771484, -0.998542845249176, -5.10290265083313E-4, 0.05396633595228195, -2.114800736308098E-5, 0.999958872795105, 0.0090640252456069, -0.05396874248981476, 0.009049673564732075, -0.9985018372535706), 
        fov = 187
    }
};
