return {
    {
        cframe = CFrame.new(-1.1324348449707031, 0.6579458713531494, -0.8039474487304688, -0.9999677538871765, -2.3334032448474318E-4, 0.008026118390262127, -0, 0.9995776414871216, 0.029060347005724907, -0.008029509335756302, 0.029059410095214844, -0.9995454549789429), 
        fov = 53
    },
    {
        cframe = CFrame.new(-1.1324348449707031, 0.6579458713531494, -0.8039474487304688, -0.9999677538871765, -2.3334032448474318E-4, 0.008026118390262127, -0, 0.9995776414871216, 0.029060347005724907, -0.008029509335756302, 0.029059410095214844, -0.9995454549789429), 
        fov = 53
    },
    {
        cframe = CFrame.new(-1.1324348449707031, 0.6579458713531494, -0.8039474487304688, -0.9999677538871765, -2.3334032448474318E-4, 0.008026118390262127, -0, 0.9995776414871216, 0.029060347005724907, -0.008029509335756302, 0.029059410095214844, -0.9995454549789429), 
        fov = 53
    },
    {
        cframe = CFrame.new(-1.1324348449707031, 0.6579458713531494, -0.8039474487304688, -0.9999677538871765, -2.3334032448474318E-4, 0.008026118390262127, -0, 0.9995776414871216, 0.029060347005724907, -0.008029509335756302, 0.029059410095214844, -0.9995454549789429), 
        fov = 53
    },
    {
        cframe = CFrame.new(-1.1324348449707031, 0.6579458713531494, -0.8039474487304688, -0.9999677538871765, -2.3334032448474318E-4, 0.008026118390262127, -0, 0.9995776414871216, 0.029060347005724907, -0.008029509335756302, 0.029059410095214844, -0.9995454549789429), 
        fov = 53
    },
    {
        cframe = CFrame.new(-1.1324348449707031, 0.6579458713531494, -0.8039474487304688, -0.9999677538871765, -2.3334032448474318E-4, 0.008026118390262127, -0, 0.9995776414871216, 0.029060347005724907, -0.008029509335756302, 0.029059410095214844, -0.9995454549789429), 
        fov = 53
    },
    {
        cframe = CFrame.new(-1.1324348449707031, 0.6579458713531494, -0.8039474487304688, -0.9999677538871765, -2.3334032448474318E-4, 0.008026118390262127, -0, 0.9995776414871216, 0.029060347005724907, -0.008029509335756302, 0.029059410095214844, -0.9995454549789429), 
        fov = 53
    },
    {
        cframe = CFrame.new(-1.1324348449707031, 0.6579458713531494, -0.8039474487304688, -0.9999677538871765, -2.3334032448474318E-4, 0.008026118390262127, -0, 0.9995776414871216, 0.029060347005724907, -0.008029509335756302, 0.029059410095214844, -0.9995454549789429), 
        fov = 53
    },
    {
        cframe = CFrame.new(-1.1324348449707031, 0.6579458713531494, -0.8039474487304688, -0.9999677538871765, -2.3334032448474318E-4, 0.008026118390262127, -0, 0.9995776414871216, 0.029060347005724907, -0.008029509335756302, 0.029059410095214844, -0.9995454549789429), 
        fov = 53
    },
    {
        cframe = CFrame.new(-1.1324348449707031, 0.6579458713531494, -0.8039474487304688, -0.9999677538871765, -2.3334032448474318E-4, 0.008026118390262127, -0, 0.9995776414871216, 0.029060347005724907, -0.008029509335756302, 0.029059410095214844, -0.9995454549789429), 
        fov = 53
    },
    {
        cframe = CFrame.new(-1.1324348449707031, 0.6579458713531494, -0.8039474487304688, -0.9999677538871765, -2.3334032448474318E-4, 0.008026118390262127, -0, 0.9995776414871216, 0.029060347005724907, -0.008029509335756302, 0.029059410095214844, -0.9995454549789429), 
        fov = 53
    },
    {
        cframe = CFrame.new(-1.1324348449707031, 0.6579458713531494, -0.8039474487304688, -0.9999677538871765, -2.3334032448474318E-4, 0.008026118390262127, -0, 0.9995776414871216, 0.029060347005724907, -0.008029509335756302, 0.029059410095214844, -0.9995454549789429), 
        fov = 53
    },
    {
        cframe = CFrame.new(-1.1324348449707031, 0.6579458713531494, -0.8039474487304688, -0.9999677538871765, -2.3334032448474318E-4, 0.008026118390262127, -0, 0.9995776414871216, 0.029060347005724907, -0.008029509335756302, 0.029059410095214844, -0.9995454549789429), 
        fov = 53
    },
    {
        cframe = CFrame.new(-1.1324348449707031, 0.6579458713531494, -0.8039474487304688, -0.9999677538871765, -2.3334032448474318E-4, 0.008026118390262127, -0, 0.9995776414871216, 0.029060347005724907, -0.008029509335756302, 0.029059410095214844, -0.9995454549789429), 
        fov = 53
    },
    {
        cframe = CFrame.new(-1.1324348449707031, 0.6579458713531494, -0.8039474487304688, -0.9999677538871765, -2.3334032448474318E-4, 0.008026118390262127, -0, 0.9995776414871216, 0.029060347005724907, -0.008029509335756302, 0.029059410095214844, -0.9995454549789429), 
        fov = 53
    },
    {
        cframe = CFrame.new(-1.1324348449707031, 0.6579458713531494, -0.8039474487304688, -0.9999677538871765, -2.3334032448474318E-4, 0.008026118390262127, -0, 0.9995776414871216, 0.029060347005724907, -0.008029509335756302, 0.029059410095214844, -0.9995454549789429), 
        fov = 53
    },
    {
        cframe = CFrame.new(-1.1324348449707031, 0.6579458713531494, -0.8039474487304688, -0.9999677538871765, -2.3334032448474318E-4, 0.008026118390262127, -0, 0.9995776414871216, 0.029060347005724907, -0.008029509335756302, 0.029059410095214844, -0.9995454549789429), 
        fov = 53
    },
    {
        cframe = CFrame.new(-1.1324348449707031, 0.6579458713531494, -0.8039474487304688, -0.9999677538871765, -2.3334032448474318E-4, 0.008026118390262127, -0, 0.9995776414871216, 0.029060347005724907, -0.008029509335756302, 0.029059410095214844, -0.9995454549789429), 
        fov = 53
    }
};
