return {
    {
        cframe = CFrame.new(0.34469032287597656, 0.6425631046295166, -1.5140762329101562, -0.9981846213340759, -6.118222372606397E-4, 0.06022697314620018, -2.9762362828478217E-5, 0.9999532699584961, 0.009664859622716904, -0.0602300725877285, 0.009645521640777588, -0.9981380105018616), 
        fov = 65
    },
    {
        cframe = CFrame.new(0.34469032287597656, 0.6425631046295166, -1.5140762329101562, -0.9981846213340759, -6.118222372606397E-4, 0.06022697314620018, -2.9762362828478217E-5, 0.9999532699584961, 0.009664859622716904, -0.0602300725877285, 0.009645521640777588, -0.9981380105018616), 
        fov = 65
    },
    {
        cframe = CFrame.new(0.34469032287597656, 0.6425631046295166, -1.5140762329101562, -0.9981846213340759, -6.118222372606397E-4, 0.06022697314620018, -2.9762362828478217E-5, 0.9999532699584961, 0.009664859622716904, -0.0602300725877285, 0.009645521640777588, -0.9981380105018616), 
        fov = 65
    },
    {
        cframe = CFrame.new(0.34469032287597656, 0.6425631046295166, -1.5140762329101562, -0.9981846213340759, -6.118222372606397E-4, 0.06022697314620018, -2.9762362828478217E-5, 0.9999532699584961, 0.009664859622716904, -0.0602300725877285, 0.009645521640777588, -0.9981380105018616), 
        fov = 65
    },
    {
        cframe = CFrame.new(0.34469032287597656, 0.6425631046295166, -1.5140762329101562, -0.9981846213340759, -6.118222372606397E-4, 0.06022697314620018, -2.9762362828478217E-5, 0.9999532699584961, 0.009664859622716904, -0.0602300725877285, 0.009645521640777588, -0.9981380105018616), 
        fov = 65
    },
    {
        cframe = CFrame.new(0.34469032287597656, 0.6425631046295166, -1.5140762329101562, -0.9981846213340759, -6.118222372606397E-4, 0.06022697314620018, -2.9762362828478217E-5, 0.9999532699584961, 0.009664859622716904, -0.0602300725877285, 0.009645521640777588, -0.9981380105018616), 
        fov = 65
    },
    {
        cframe = CFrame.new(0.34469032287597656, 0.6425631046295166, -1.5140762329101562, -0.9981846213340759, -6.118222372606397E-4, 0.06022697314620018, -2.9762362828478217E-5, 0.9999532699584961, 0.009664859622716904, -0.0602300725877285, 0.009645521640777588, -0.9981380105018616), 
        fov = 65
    },
    {
        cframe = CFrame.new(0.34469032287597656, 0.6425631046295166, -1.5140762329101562, -0.9981846213340759, -6.118222372606397E-4, 0.06022697314620018, -2.9762362828478217E-5, 0.9999532699584961, 0.009664859622716904, -0.0602300725877285, 0.009645521640777588, -0.9981380105018616), 
        fov = 65
    },
    {
        cframe = CFrame.new(0.34469032287597656, 0.6425631046295166, -1.5140762329101562, -0.9981846213340759, -6.118222372606397E-4, 0.06022697314620018, -2.9762362828478217E-5, 0.9999532699584961, 0.009664859622716904, -0.0602300725877285, 0.009645521640777588, -0.9981380105018616), 
        fov = 65
    },
    {
        cframe = CFrame.new(0.34469032287597656, 0.6425631046295166, -1.5140762329101562, -0.9981846213340759, -6.118222372606397E-4, 0.06022697314620018, -2.9762362828478217E-5, 0.9999532699584961, 0.009664859622716904, -0.0602300725877285, 0.009645521640777588, -0.9981380105018616), 
        fov = 65
    },
    {
        cframe = CFrame.new(0.34469032287597656, 0.6425631046295166, -1.5140762329101562, -0.9981846213340759, -6.118222372606397E-4, 0.06022697314620018, -2.9762362828478217E-5, 0.9999532699584961, 0.009664859622716904, -0.0602300725877285, 0.009645521640777588, -0.9981380105018616), 
        fov = 65
    },
    {
        cframe = CFrame.new(0.34469032287597656, 0.6425631046295166, -1.5140762329101562, -0.9981846213340759, -6.118222372606397E-4, 0.06022697314620018, -2.9762362828478217E-5, 0.9999532699584961, 0.009664859622716904, -0.0602300725877285, 0.009645521640777588, -0.9981380105018616), 
        fov = 65
    },
    {
        cframe = CFrame.new(0.34469032287597656, 0.6425631046295166, -1.5140762329101562, -0.9981846213340759, -6.118222372606397E-4, 0.06022697314620018, -2.9762362828478217E-5, 0.9999532699584961, 0.009664859622716904, -0.0602300725877285, 0.009645521640777588, -0.9981380105018616), 
        fov = 65
    },
    {
        cframe = CFrame.new(0.34469032287597656, 0.6425631046295166, -1.5140762329101562, -0.9981846213340759, -6.118222372606397E-4, 0.06022697314620018, -2.9762362828478217E-5, 0.9999532699584961, 0.009664859622716904, -0.0602300725877285, 0.009645521640777588, -0.9981380105018616), 
        fov = 65
    },
    {
        cframe = CFrame.new(0.34469032287597656, 0.6425631046295166, -1.5140762329101562, -0.9981846213340759, -6.118222372606397E-4, 0.06022697314620018, -2.9762362828478217E-5, 0.9999532699584961, 0.009664859622716904, -0.0602300725877285, 0.009645521640777588, -0.9981380105018616), 
        fov = 65
    },
    {
        cframe = CFrame.new(0.34469032287597656, 0.6425631046295166, -1.5140762329101562, -0.9981846213340759, -6.118222372606397E-4, 0.06022697314620018, -2.9762362828478217E-5, 0.9999532699584961, 0.009664859622716904, -0.0602300725877285, 0.009645521640777588, -0.9981380105018616), 
        fov = 65
    },
    {
        cframe = CFrame.new(0.34469032287597656, 0.6425631046295166, -1.5140762329101562, -0.9981846213340759, -6.118222372606397E-4, 0.06022697314620018, -2.9762362828478217E-5, 0.9999532699584961, 0.009664859622716904, -0.0602300725877285, 0.009645521640777588, -0.9981380105018616), 
        fov = 65
    },
    {
        cframe = CFrame.new(0.34469032287597656, 0.6425631046295166, -1.5140762329101562, -0.9981846213340759, -6.118222372606397E-4, 0.06022697314620018, -2.9762362828478217E-5, 0.9999532699584961, 0.009664859622716904, -0.0602300725877285, 0.009645521640777588, -0.9981380105018616), 
        fov = 65
    },
    {
        cframe = CFrame.new(0.34469032287597656, 0.6425631046295166, -1.5140762329101562, -0.9981846213340759, -6.118222372606397E-4, 0.06022697314620018, -2.9762362828478217E-5, 0.9999532699584961, 0.009664859622716904, -0.0602300725877285, 0.009645521640777588, -0.9981380105018616), 
        fov = 65
    },
    {
        cframe = CFrame.new(0.34469032287597656, 0.6425631046295166, -1.5140762329101562, -0.9981846213340759, -6.118222372606397E-4, 0.06022697314620018, -2.9762362828478217E-5, 0.9999532699584961, 0.009664859622716904, -0.0602300725877285, 0.009645521640777588, -0.9981380105018616), 
        fov = 65
    },
    {
        cframe = CFrame.new(0.34469032287597656, 0.6425631046295166, -1.5140762329101562, -0.9981846213340759, -6.118222372606397E-4, 0.06022697314620018, -2.9762362828478217E-5, 0.9999532699584961, 0.009664859622716904, -0.0602300725877285, 0.009645521640777588, -0.9981380105018616), 
        fov = 65
    },
    {
        cframe = CFrame.new(0.34469032287597656, 0.6425631046295166, -1.5140762329101562, -0.9981846213340759, -6.118222372606397E-4, 0.06022697314620018, -2.9762362828478217E-5, 0.9999532699584961, 0.009664859622716904, -0.0602300725877285, 0.009645521640777588, -0.9981380105018616), 
        fov = 65
    },
    {
        cframe = CFrame.new(0.34469032287597656, 0.6425631046295166, -1.5140762329101562, -0.9981846213340759, -6.118222372606397E-4, 0.06022697314620018, -2.9762362828478217E-5, 0.9999532699584961, 0.009664859622716904, -0.0602300725877285, 0.009645521640777588, -0.9981380105018616), 
        fov = 65
    },
    {
        cframe = CFrame.new(0.34469032287597656, 0.6425631046295166, -1.5140762329101562, -0.9981846213340759, -6.118222372606397E-4, 0.06022697314620018, -2.9762362828478217E-5, 0.9999532699584961, 0.009664859622716904, -0.0602300725877285, 0.009645521640777588, -0.9981380105018616), 
        fov = 65
    },
    {
        cframe = CFrame.new(0.34469032287597656, 0.6425631046295166, -1.5140762329101562, -0.9981846213340759, -6.118222372606397E-4, 0.06022697314620018, -2.9762362828478217E-5, 0.9999532699584961, 0.009664859622716904, -0.0602300725877285, 0.009645521640777588, -0.9981380105018616), 
        fov = 65
    },
    {
        cframe = CFrame.new(0.34469032287597656, 0.6425631046295166, -1.5140762329101562, -0.9981846213340759, -6.118222372606397E-4, 0.06022697314620018, -2.9762362828478217E-5, 0.9999532699584961, 0.009664859622716904, -0.0602300725877285, 0.009645521640777588, -0.9981380105018616), 
        fov = 65
    },
    {
        cframe = CFrame.new(0.34469032287597656, 0.6425631046295166, -1.5140762329101562, -0.9981846213340759, -6.118222372606397E-4, 0.06022697314620018, -2.9762362828478217E-5, 0.9999532699584961, 0.009664859622716904, -0.0602300725877285, 0.009645521640777588, -0.9981380105018616), 
        fov = 65
    },
    {
        cframe = CFrame.new(0.34469032287597656, 0.6425631046295166, -1.5140762329101562, -0.9981846213340759, -6.118222372606397E-4, 0.06022697314620018, -2.9762362828478217E-5, 0.9999532699584961, 0.009664859622716904, -0.0602300725877285, 0.009645521640777588, -0.9981380105018616), 
        fov = 65
    },
    {
        cframe = CFrame.new(0.34469032287597656, 0.6425631046295166, -1.5140762329101562, -0.9981846213340759, -6.118222372606397E-4, 0.06022697314620018, -2.9762362828478217E-5, 0.9999532699584961, 0.009664859622716904, -0.0602300725877285, 0.009645521640777588, -0.9981380105018616), 
        fov = 65
    },
    {
        cframe = CFrame.new(0.34469032287597656, 0.6425631046295166, -1.5140762329101562, -0.9981846213340759, -6.118222372606397E-4, 0.06022697314620018, -2.9762362828478217E-5, 0.9999532699584961, 0.009664859622716904, -0.0602300725877285, 0.009645521640777588, -0.9981380105018616), 
        fov = 65
    },
    {
        cframe = CFrame.new(0.34469032287597656, 0.6425631046295166, -1.5140762329101562, -0.9981846213340759, -6.118222372606397E-4, 0.06022697314620018, -2.9762362828478217E-5, 0.9999532699584961, 0.009664859622716904, -0.0602300725877285, 0.009645521640777588, -0.9981380105018616), 
        fov = 65
    },
    {
        cframe = CFrame.new(0.34469032287597656, 0.6425631046295166, -1.5140762329101562, -0.9981846213340759, -6.118222372606397E-4, 0.06022697314620018, -2.9762362828478217E-5, 0.9999532699584961, 0.009664859622716904, -0.0602300725877285, 0.009645521640777588, -0.9981380105018616), 
        fov = 65
    }
};
