return {
    {
        cframe = CFrame.new(2.5, 0, -11.5174007415771484, -0.998542845249176, -5.10290265083313E-4, 0.05396633595228195, -2.114800736308098E-5, 0.999958872795105, 0.0090640252456069, -0.05396874248981476, 0.009049673564732075, -0.9985018372535706), 
        fov = 41
    },
    {
        cframe = CFrame.new(2.5, 0, -11.5174007415771484, -0.998542845249176, -5.10290265083313E-4, 0.05396633595228195, -2.114800736308098E-5, 0.999958872795105, 0.0090640252456069, -0.05396874248981476, 0.009049673564732075, -0.9985018372535706), 
        fov = 41
    },
    {
        cframe = CFrame.new(2.5, 0, -11.5174007415771484, -0.998542845249176, -5.10290265083313E-4, 0.05396633595228195, -2.114800736308098E-5, 0.999958872795105, 0.0090640252456069, -0.05396874248981476, 0.009049673564732075, -0.9985018372535706), 
        fov = 41
    },
    {
        cframe = CFrame.new(2.5, 0, -11.5174007415771484, -0.998542845249176, -5.10290265083313E-4, 0.05396633595228195, -2.114800736308098E-5, 0.999958872795105, 0.0090640252456069, -0.05396874248981476, 0.009049673564732075, -0.9985018372535706), 
        fov = 41
    },
    {
        cframe = CFrame.new(2.5, 0, -11.5174007415771484, -0.998542845249176, -5.10290265083313E-4, 0.05396633595228195, -2.114800736308098E-5, 0.999958872795105, 0.0090640252456069, -0.05396874248981476, 0.009049673564732075, -0.9985018372535706), 
        fov = 41
    },
    {
        cframe = CFrame.new(2.5, 0, -11.5174007415771484, -0.998542845249176, -5.10290265083313E-4, 0.05396633595228195, -2.114800736308098E-5, 0.999958872795105, 0.0090640252456069, -0.05396874248981476, 0.009049673564732075, -0.9985018372535706), 
        fov = 41
    },
    {
        cframe = CFrame.new(2.5, 0, -11.5174007415771484, -0.998542845249176, -5.10290265083313E-4, 0.05396633595228195, -2.114800736308098E-5, 0.999958872795105, 0.0090640252456069, -0.05396874248981476, 0.009049673564732075, -0.9985018372535706), 
        fov = 41
    },
    {
        cframe = CFrame.new(2.5, 0, -11.5174007415771484, -0.998542845249176, -5.10290265083313E-4, 0.05396633595228195, -2.114800736308098E-5, 0.999958872795105, 0.0090640252456069, -0.05396874248981476, 0.009049673564732075, -0.9985018372535706), 
        fov = 41
    },
    {
        cframe = CFrame.new(2.5, 0, -11.5174007415771484, -0.998542845249176, -5.10290265083313E-4, 0.05396633595228195, -2.114800736308098E-5, 0.999958872795105, 0.0090640252456069, -0.05396874248981476, 0.009049673564732075, -0.9985018372535706), 
        fov = 41
    },
    {
        cframe = CFrame.new(2.5, 0, -11.5174007415771484, -0.998542845249176, -5.10290265083313E-4, 0.05396633595228195, -2.114800736308098E-5, 0.999958872795105, 0.0090640252456069, -0.05396874248981476, 0.009049673564732075, -0.9985018372535706), 
        fov = 41
    },
    {
        cframe = CFrame.new(2.5, 0, -11.5174007415771484, -0.998542845249176, -5.10290265083313E-4, 0.05396633595228195, -2.114800736308098E-5, 0.999958872795105, 0.0090640252456069, -0.05396874248981476, 0.009049673564732075, -0.9985018372535706), 
        fov = 41
    },
    {
        cframe = CFrame.new(2.5, 0, -11.5174007415771484, -0.998542845249176, -5.10290265083313E-4, 0.05396633595228195, -2.114800736308098E-5, 0.999958872795105, 0.0090640252456069, -0.05396874248981476, 0.009049673564732075, -0.9985018372535706), 
        fov = 41
    },
    {
        cframe = CFrame.new(2.5, 0, -11.5174007415771484, -0.998542845249176, -5.10290265083313E-4, 0.05396633595228195, -2.114800736308098E-5, 0.999958872795105, 0.0090640252456069, -0.05396874248981476, 0.009049673564732075, -0.9985018372535706), 
        fov = 41
    },
    {
        cframe = CFrame.new(2.5, 0, -11.5174007415771484, -0.998542845249176, -5.10290265083313E-4, 0.05396633595228195, -2.114800736308098E-5, 0.999958872795105, 0.0090640252456069, -0.05396874248981476, 0.009049673564732075, -0.9985018372535706), 
        fov = 41
    },
    {
        cframe = CFrame.new(2.5, 0, -11.5174007415771484, -0.998542845249176, -5.10290265083313E-4, 0.05396633595228195, -2.114800736308098E-5, 0.999958872795105, 0.0090640252456069, -0.05396874248981476, 0.009049673564732075, -0.9985018372535706), 
        fov = 41
    },
    {
        cframe = CFrame.new(2.5, 0, -11.5174007415771484, -0.998542845249176, -5.10290265083313E-4, 0.05396633595228195, -2.114800736308098E-5, 0.999958872795105, 0.0090640252456069, -0.05396874248981476, 0.009049673564732075, -0.9985018372535706), 
        fov = 41
    },
    {
        cframe = CFrame.new(2.5, 0, -11.5174007415771484, -0.998542845249176, -5.10290265083313E-4, 0.05396633595228195, -2.114800736308098E-5, 0.999958872795105, 0.0090640252456069, -0.05396874248981476, 0.009049673564732075, -0.9985018372535706), 
        fov = 41
    },
    {
        cframe = CFrame.new(2.5, 0, -11.5174007415771484, -0.998542845249176, -5.10290265083313E-4, 0.05396633595228195, -2.114800736308098E-5, 0.999958872795105, 0.0090640252456069, -0.05396874248981476, 0.009049673564732075, -0.9985018372535706), 
        fov = 41
    },
    {
        cframe = CFrame.new(2.5, 0, -11.5174007415771484, -0.998542845249176, -5.10290265083313E-4, 0.05396633595228195, -2.114800736308098E-5, 0.999958872795105, 0.0090640252456069, -0.05396874248981476, 0.009049673564732075, -0.9985018372535706), 
        fov = 41
    },
    {
        cframe = CFrame.new(2.5, 0, -11.5174007415771484, -0.998542845249176, -5.10290265083313E-4, 0.05396633595228195, -2.114800736308098E-5, 0.999958872795105, 0.0090640252456069, -0.05396874248981476, 0.009049673564732075, -0.9985018372535706), 
        fov = 41
    },
    {
        cframe = CFrame.new(2.5, 0, -11.5174007415771484, -0.998542845249176, -5.10290265083313E-4, 0.05396633595228195, -2.114800736308098E-5, 0.999958872795105, 0.0090640252456069, -0.05396874248981476, 0.009049673564732075, -0.9985018372535706), 
        fov = 41
    },
    {
        cframe = CFrame.new(2.5, 0, -11.5174007415771484, -0.998542845249176, -5.10290265083313E-4, 0.05396633595228195, -2.114800736308098E-5, 0.999958872795105, 0.0090640252456069, -0.05396874248981476, 0.009049673564732075, -0.9985018372535706), 
        fov = 41
    },
    {
        cframe = CFrame.new(2.5, 0, -11.5174007415771484, -0.998542845249176, -5.10290265083313E-4, 0.05396633595228195, -2.114800736308098E-5, 0.999958872795105, 0.0090640252456069, -0.05396874248981476, 0.009049673564732075, -0.9985018372535706), 
        fov = 41
    },
    {
        cframe = CFrame.new(2.5, 0, -11.5174007415771484, -0.998542845249176, -5.10290265083313E-4, 0.05396633595228195, -2.114800736308098E-5, 0.999958872795105, 0.0090640252456069, -0.05396874248981476, 0.009049673564732075, -0.9985018372535706), 
        fov = 41
    },
    {
        cframe = CFrame.new(2.5, 0, -11.5174007415771484, -0.998542845249176, -5.10290265083313E-4, 0.05396633595228195, -2.114800736308098E-5, 0.999958872795105, 0.0090640252456069, -0.05396874248981476, 0.009049673564732075, -0.9985018372535706), 
        fov = 41
    },
    {
        cframe = CFrame.new(2.5, 0, -11.5174007415771484, -0.998542845249176, -5.10290265083313E-4, 0.05396633595228195, -2.114800736308098E-5, 0.999958872795105, 0.0090640252456069, -0.05396874248981476, 0.009049673564732075, -0.9985018372535706), 
        fov = 41
    },
    {
        cframe = CFrame.new(2.5, 0, -11.5174007415771484, -0.998542845249176, -5.10290265083313E-4, 0.05396633595228195, -2.114800736308098E-5, 0.999958872795105, 0.0090640252456069, -0.05396874248981476, 0.009049673564732075, -0.9985018372535706), 
        fov = 41
    },
    {
        cframe = CFrame.new(2.5, 0, -11.5174007415771484, -0.998542845249176, -5.10290265083313E-4, 0.05396633595228195, -2.114800736308098E-5, 0.999958872795105, 0.0090640252456069, -0.05396874248981476, 0.009049673564732075, -0.9985018372535706), 
        fov = 41
    },
    {
        cframe = CFrame.new(2.5, 0, -11.5174007415771484, -0.998542845249176, -5.10290265083313E-4, 0.05396633595228195, -2.114800736308098E-5, 0.999958872795105, 0.0090640252456069, -0.05396874248981476, 0.009049673564732075, -0.9985018372535706), 
        fov = 41
    },
    {
        cframe = CFrame.new(2.5, 0, -11.5174007415771484, -0.998542845249176, -5.10290265083313E-4, 0.05396633595228195, -2.114800736308098E-5, 0.999958872795105, 0.0090640252456069, -0.05396874248981476, 0.009049673564732075, -0.9985018372535706), 
        fov = 41
    },
    {
        cframe = CFrame.new(2.5, 0, -11.5174007415771484, -0.998542845249176, -5.10290265083313E-4, 0.05396633595228195, -2.114800736308098E-5, 0.999958872795105, 0.0090640252456069, -0.05396874248981476, 0.009049673564732075, -0.9985018372535706), 
        fov = 41
    },
    {
        cframe = CFrame.new(2.5, 0, -11.5174007415771484, -0.998542845249176, -5.10290265083313E-4, 0.05396633595228195, -2.114800736308098E-5, 0.999958872795105, 0.0090640252456069, -0.05396874248981476, 0.009049673564732075, -0.9985018372535706), 
        fov = 41
    },
    {
        cframe = CFrame.new(2.5, 0, -11.5174007415771484, -0.998542845249176, -5.10290265083313E-4, 0.05396633595228195, -2.114800736308098E-5, 0.999958872795105, 0.0090640252456069, -0.05396874248981476, 0.009049673564732075, -0.9985018372535706), 
        fov = 41
    },
    {
        cframe = CFrame.new(2.5, 0, -11.5174007415771484, -0.998542845249176, -5.10290265083313E-4, 0.05396633595228195, -2.114800736308098E-5, 0.999958872795105, 0.0090640252456069, -0.05396874248981476, 0.009049673564732075, -0.9985018372535706), 
        fov = 41
    },
    {
        cframe = CFrame.new(2.5, 0, -11.5174007415771484, -0.998542845249176, -5.10290265083313E-4, 0.05396633595228195, -2.114800736308098E-5, 0.999958872795105, 0.0090640252456069, -0.05396874248981476, 0.009049673564732075, -0.9985018372535706), 
        fov = 41
    },
    {
        cframe = CFrame.new(2.5, 0, -11.5174007415771484, -0.998542845249176, -5.10290265083313E-4, 0.05396633595228195, -2.114800736308098E-5, 0.999958872795105, 0.0090640252456069, -0.05396874248981476, 0.009049673564732075, -0.9985018372535706), 
        fov = 41
    },
    {
        cframe = CFrame.new(2.5, 0, -11.5174007415771484, -0.998542845249176, -5.10290265083313E-4, 0.05396633595228195, -2.114800736308098E-5, 0.999958872795105, 0.0090640252456069, -0.05396874248981476, 0.009049673564732075, -0.9985018372535706), 
        fov = 41
    },
    {
        cframe = CFrame.new(2.5, 0, -11.5174007415771484, -0.998542845249176, -5.10290265083313E-4, 0.05396633595228195, -2.114800736308098E-5, 0.999958872795105, 0.0090640252456069, -0.05396874248981476, 0.009049673564732075, -0.9985018372535706), 
        fov = 41
    },
    {
        cframe = CFrame.new(2.5, 0, -11.5174007415771484, -0.998542845249176, -5.10290265083313E-4, 0.05396633595228195, -2.114800736308098E-5, 0.999958872795105, 0.0090640252456069, -0.05396874248981476, 0.009049673564732075, -0.9985018372535706), 
        fov = 41
    },
    {
        cframe = CFrame.new(2.5, 0, -11.5174007415771484, -0.998542845249176, -5.10290265083313E-4, 0.05396633595228195, -2.114800736308098E-5, 0.999958872795105, 0.0090640252456069, -0.05396874248981476, 0.009049673564732075, -0.9985018372535706), 
        fov = 41
    },
    {
        cframe = CFrame.new(2.5, 0, -11.5174007415771484, -0.998542845249176, -5.10290265083313E-4, 0.05396633595228195, -2.114800736308098E-5, 0.999958872795105, 0.0090640252456069, -0.05396874248981476, 0.009049673564732075, -0.9985018372535706), 
        fov = 41
    },
    {
        cframe = CFrame.new(2.5, 0, -11.5174007415771484, -0.998542845249176, -5.10290265083313E-4, 0.05396633595228195, -2.114800736308098E-5, 0.999958872795105, 0.0090640252456069, -0.05396874248981476, 0.009049673564732075, -0.9985018372535706), 
        fov = 41
    },
    {
        cframe = CFrame.new(2.5, 0, -11.5174007415771484, -0.998542845249176, -5.10290265083313E-4, 0.05396633595228195, -2.114800736308098E-5, 0.999958872795105, 0.0090640252456069, -0.05396874248981476, 0.009049673564732075, -0.9985018372535706), 
        fov = 41
    },
    {
        cframe = CFrame.new(2.5, 0, -11.5174007415771484, -0.998542845249176, -5.10290265083313E-4, 0.05396633595228195, -2.114800736308098E-5, 0.999958872795105, 0.0090640252456069, -0.05396874248981476, 0.009049673564732075, -0.9985018372535706), 
        fov = 41
    },
    {
        cframe = CFrame.new(2.5, 0, -11.5174007415771484, -0.998542845249176, -5.10290265083313E-4, 0.05396633595228195, -2.114800736308098E-5, 0.999958872795105, 0.0090640252456069, -0.05396874248981476, 0.009049673564732075, -0.9985018372535706), 
        fov = 41
    },
    {
        cframe = CFrame.new(2.5, 0, -11.5174007415771484, -0.998542845249176, -5.10290265083313E-4, 0.05396633595228195, -2.114800736308098E-5, 0.999958872795105, 0.0090640252456069, -0.05396874248981476, 0.009049673564732075, -0.9985018372535706), 
        fov = 41
    },
    {
        cframe = CFrame.new(2.5, 0, -11.5174007415771484, -0.998542845249176, -5.10290265083313E-4, 0.05396633595228195, -2.114800736308098E-5, 0.999958872795105, 0.0090640252456069, -0.05396874248981476, 0.009049673564732075, -0.9985018372535706), 
        fov = 41
    },
    {
        cframe = CFrame.new(2.5, 0, -11.5174007415771484, -0.998542845249176, -5.10290265083313E-4, 0.05396633595228195, -2.114800736308098E-5, 0.999958872795105, 0.0090640252456069, -0.05396874248981476, 0.009049673564732075, -0.9985018372535706), 
        fov = 41
    },
    {
        cframe = CFrame.new(2.5, 0, -11.5174007415771484, -0.998542845249176, -5.10290265083313E-4, 0.05396633595228195, -2.114800736308098E-5, 0.999958872795105, 0.0090640252456069, -0.05396874248981476, 0.009049673564732075, -0.9985018372535706), 
        fov = 41
    },
    {
        cframe = CFrame.new(2.5, 0, -11.5174007415771484, -0.998542845249176, -5.10290265083313E-4, 0.05396633595228195, -2.114800736308098E-5, 0.999958872795105, 0.0090640252456069, -0.05396874248981476, 0.009049673564732075, -0.9985018372535706), 
        fov = 41
    },
    {
        cframe = CFrame.new(2.5, 0, -11.5174007415771484, -0.998542845249176, -5.10290265083313E-4, 0.05396633595228195, -2.114800736308098E-5, 0.999958872795105, 0.0090640252456069, -0.05396874248981476, 0.009049673564732075, -0.9985018372535706), 
        fov = 41
    },
    {
        cframe = CFrame.new(2.5, 0, -11.5174007415771484, -0.998542845249176, -5.10290265083313E-4, 0.05396633595228195, -2.114800736308098E-5, 0.999958872795105, 0.0090640252456069, -0.05396874248981476, 0.009049673564732075, -0.9985018372535706), 
        fov = 41
    },
    {
        cframe = CFrame.new(2.5, 0, -11.5174007415771484, -0.998542845249176, -5.10290265083313E-4, 0.05396633595228195, -2.114800736308098E-5, 0.999958872795105, 0.0090640252456069, -0.05396874248981476, 0.009049673564732075, -0.9985018372535706), 
        fov = 41
    },
    {
        cframe = CFrame.new(2.5, 0, -11.5174007415771484, -0.998542845249176, -5.10290265083313E-4, 0.05396633595228195, -2.114800736308098E-5, 0.999958872795105, 0.0090640252456069, -0.05396874248981476, 0.009049673564732075, -0.9985018372535706), 
        fov = 41
    },
    {
        cframe = CFrame.new(2.5, 0, -11.5174007415771484, -0.998542845249176, -5.10290265083313E-4, 0.05396633595228195, -2.114800736308098E-5, 0.999958872795105, 0.0090640252456069, -0.05396874248981476, 0.009049673564732075, -0.9985018372535706), 
        fov = 41
    },
    {
        cframe = CFrame.new(2.5, 0, -11.5174007415771484, -0.998542845249176, -5.10290265083313E-4, 0.05396633595228195, -2.114800736308098E-5, 0.999958872795105, 0.0090640252456069, -0.05396874248981476, 0.009049673564732075, -0.9985018372535706), 
        fov = 41
    },
    {
        cframe = CFrame.new(2.5, 0, -10.9074007415771484, -0.998542845249176, -5.10290265083313E-4, 0.05396633595228195, -2.114800736308098E-5, 0.999958872795105, 0.0090640252456069, -0.05396874248981476, 0.009049673564732075, -0.9985018372535706), 
        fov = 41
    },
    {
        cframe = CFrame.new(2.5, 0, -10.9074007415771484, -0.998542845249176, -5.10290265083313E-4, 0.05396633595228195, -2.114800736308098E-5, 0.999958872795105, 0.0090640252456069, -0.05396874248981476, 0.009049673564732075, -0.9985018372535706), 
        fov = 41
    },
    {
        cframe = CFrame.new(2.5, 0, -10.8074007415771484, -0.998542845249176, -5.10290265083313E-4, 0.05396633595228195, -2.114800736308098E-5, 0.999958872795105, 0.0090640252456069, -0.05396874248981476, 0.009049673564732075, -0.9985018372535706), 
        fov = 41
    },
    {
        cframe = CFrame.new(2.5, 0, -10.72074007415771484, -0.998542845249176, -5.10290265083313E-4, 0.05396633595228195, -2.114800736308098E-5, 0.999958872795105, 0.0090640252456069, -0.05396874248981476, 0.009049673564732075, -0.9985018372535706), 
        fov = 41
    },
    {
        cframe = CFrame.new(2.5, 0, -10.6774007415771484, -0.998542845249176, -5.10290265083313E-4, 0.05396633595228195, -2.114800736308098E-5, 0.999958872795105, 0.0090640252456069, -0.05396874248981476, 0.009049673564732075, -0.9985018372535706), 
        fov = 41
    },
    {
        cframe = CFrame.new(2.5, 0, -10.5974007415771484, -0.998542845249176, -5.10290265083313E-4, 0.05396633595228195, -2.114800736308098E-5, 0.999958872795105, 0.0090640252456069, -0.05396874248981476, 0.009049673564732075, -0.9985018372535706), 
        fov = 41
    },
    {
        cframe = CFrame.new(2.5, 0, -10.5674007415771484, -0.998542845249176, -5.10290265083313E-4, 0.05396633595228195, -2.114800736308098E-5, 0.999958872795105, 0.0090640252456069, -0.05396874248981476, 0.009049673564732075, -0.9985018372535706), 
        fov = 41
    },
    {
        cframe = CFrame.new(2.5, 0, -10.5474007415771484, -0.998542845249176, -5.10290265083313E-4, 0.05396633595228195, -2.114800736308098E-5, 0.999958872795105, 0.0090640252456069, -0.05396874248981476, 0.009049673564732075, -0.9985018372535706), 
        fov = 41
    },
    {
        cframe = CFrame.new(2.5, 0, -10.5174007415771484, -0.998542845249176, -5.10290265083313E-4, 0.05396633595228195, -2.114800736308098E-5, 0.999958872795105, 0.0090640252456069, -0.05396874248981476, 0.009049673564732075, -0.9985018372535706), 
        fov = 41
    },
    {
        cframe = CFrame.new(2.5, 0, -10.5174007415771484, -0.998542845249176, -5.10290265083313E-4, 0.05396633595228195, -2.114800736308098E-5, 0.999958872795105, 0.0090640252456069, -0.05396874248981476, 0.009049673564732075, -0.9985018372535706), 
        fov = 41
    },
    {
        cframe = CFrame.new(2.5, 0, -9.904007415771484, -0.998542845249176, -5.10290265083313E-4, 0.05396633595228195, -2.114800736308098E-5, 0.999958872795105, 0.0090640252456069, -0.05396874248981476, 0.009049673564732075, -0.9985018372535706), 
        fov = 41
    },
    {
        cframe = CFrame.new(2.5, 0, -9.9074007415771484, -0.998542845249176, -5.10290265083313E-4, 0.05396633595228195, -2.114800736308098E-5, 0.999958872795105, 0.0090640252456069, -0.05396874248981476, 0.009049673564732075, -0.9985018372535706), 
        fov = 41
    },
    {
        cframe = CFrame.new(2.5, 0, -9.8274007415771484, -0.998542845249176, -5.10290265083313E-4, 0.05396633595228195, -2.114800736308098E-5, 0.999958872795105, 0.0090640252456069, -0.05396874248981476, 0.009049673564732075, -0.9985018372535706), 
        fov = 41
    },
    {
        cframe = CFrame.new(2.5, 0, -9.7474007415771484, -0.998542845249176, -5.10290265083313E-4, 0.05396633595228195, -2.114800736308098E-5, 0.999958872795105, 0.0090640252456069, -0.05396874248981476, 0.009049673564732075, -0.9985018372535706), 
        fov = 41
    },
    {
        cframe = CFrame.new(2.5, 0, -9.6274007415771484, -0.998542845249176, -5.10290265083313E-4, 0.05396633595228195, -2.114800736308098E-5, 0.999958872795105, 0.0090640252456069, -0.05396874248981476, 0.009049673564732075, -0.9985018372535706), 
        fov = 41
    },
    {
        cframe = CFrame.new(2.5, 0, -9.6274007415771484, -0.998542845249176, -5.10290265083313E-4, 0.05396633595228195, -2.114800736308098E-5, 0.999958872795105, 0.0090640252456069, -0.05396874248981476, 0.009049673564732075, -0.9985018372535706), 
        fov = 41
    },
    {
        cframe = CFrame.new(2.5, 0, -9.5174007415771484, -0.998542845249176, -5.10290265083313E-4, 0.05396633595228195, -2.114800736308098E-5, 0.999958872795105, 0.0090640252456069, -0.05396874248981476, 0.009049673564732075, -0.9985018372535706), 
        fov = 41
    },
    {
        cframe = CFrame.new(2.5, 0, -9.5174007415771484, -0.998542845249176, -5.10290265083313E-4, 0.05396633595228195, -2.114800736308098E-5, 0.999958872795105, 0.0090640252456069, -0.05396874248981476, 0.009049673564732075, -0.9985018372535706), 
        fov = 41
    },
    {
        cframe = CFrame.new(2.5, 0, -8.9074007415771484, -0.998542845249176, -5.10290265083313E-4, 0.05396633595228195, -2.114800736308098E-5, 0.999958872795105, 0.0090640252456069, -0.05396874248981476, 0.009049673564732075, -0.9985018372535706), 
        fov = 41
    },
    {
        cframe = CFrame.new(2.5, 0, -8.8474007415771484, -0.998542845249176, -5.10290265083313E-4, 0.05396633595228195, -2.114800736308098E-5, 0.999958872795105, 0.0090640252456069, -0.05396874248981476, 0.009049673564732075, -0.9985018372535706), 
        fov = 41
    },
    {
        cframe = CFrame.new(2.5, 0, -8.7674007415771484, -0.998542845249176, -5.10290265083313E-4, 0.05396633595228195, -2.114800736308098E-5, 0.999958872795105, 0.0090640252456069, -0.05396874248981476, 0.009049673564732075, -0.9985018372535706), 
        fov = 41
    },
    {
        cframe = CFrame.new(2.5, 0, -8.6274007415771484, -0.998542845249176, -5.10290265083313E-4, 0.05396633595228195, -2.114800736308098E-5, 0.999958872795105, 0.0090640252456069, -0.05396874248981476, 0.009049673564732075, -0.9985018372535706), 
        fov = 41
    },
    {
        cframe = CFrame.new(2.5, 0, -8.5574007415771484, -0.998542845249176, -5.10290265083313E-4, 0.05396633595228195, -2.114800736308098E-5, 0.999958872795105, 0.0090640252456069, -0.05396874248981476, 0.009049673564732075, -0.9985018372535706), 
        fov = 41
    },
    {
        cframe = CFrame.new(2.5, 0, -8.5174007415771484, -0.998542845249176, -5.10290265083313E-4, 0.05396633595228195, -2.114800736308098E-5, 0.999958872795105, 0.0090640252456069, -0.05396874248981476, 0.009049673564732075, -0.9985018372535706), 
        fov = 41
    },
    {
        cframe = CFrame.new(2.5, 0, -7.9074007415771484, -0.998542845249176, -5.10290265083313E-4, 0.05396633595228195, -2.114800736308098E-5, 0.999958872795105, 0.0090640252456069, -0.05396874248981476, 0.009049673564732075, -0.9985018372535706), 
        fov = 41
    },
    {
        cframe = CFrame.new(2.5, 0, -7.9074007415771484, -0.998542845249176, -5.10290265083313E-4, 0.05396633595228195, -2.114800736308098E-5, 0.999958872795105, 0.0090640252456069, -0.05396874248981476, 0.009049673564732075, -0.9985018372535706), 
        fov = 41
    },
    {
        cframe = CFrame.new(2.5, 0, -7.8174007415771484, -0.998542845249176, -5.10290265083313E-4, 0.05396633595228195, -2.114800736308098E-5, 0.999958872795105, 0.0090640252456069, -0.05396874248981476, 0.009049673564732075, -0.9985018372535706), 
        fov = 41
    },
    {
        cframe = CFrame.new(2.5, 0, -7.8174007415771484, -0.998542845249176, -5.10290265083313E-4, 0.05396633595228195, -2.114800736308098E-5, 0.999958872795105, 0.0090640252456069, -0.05396874248981476, 0.009049673564732075, -0.9985018372535706), 
        fov = 41
    },
    {
        cframe = CFrame.new(2.5, 0, -7.8174007415771484, -0.998542845249176, -5.10290265083313E-4, 0.05396633595228195, -2.114800736308098E-5, 0.999958872795105, 0.0090640252456069, -0.05396874248981476, 0.009049673564732075, -0.9985018372535706), 
        fov = 41
    },
    {
        cframe = CFrame.new(2.5, 0, -7.7474007415771484, -0.998542845249176, -5.10290265083313E-4, 0.05396633595228195, -2.114800736308098E-5, 0.999958872795105, 0.0090640252456069, -0.05396874248981476, 0.009049673564732075, -0.9985018372535706), 
        fov = 41
    },
    {
        cframe = CFrame.new(2.5, 0, -7.7474007415771484, -0.998542845249176, -5.10290265083313E-4, 0.05396633595228195, -2.114800736308098E-5, 0.999958872795105, 0.0090640252456069, -0.05396874248981476, 0.009049673564732075, -0.9985018372535706), 
        fov = 41
    },
    {
        cframe = CFrame.new(2.5, 0, -7.7474007415771484, -0.998542845249176, -5.10290265083313E-4, 0.05396633595228195, -2.114800736308098E-5, 0.999958872795105, 0.0090640252456069, -0.05396874248981476, 0.009049673564732075, -0.9985018372535706), 
        fov = 41
    },
    {
        cframe = CFrame.new(2.5, 0, -7.6774007415771484, -0.998542845249176, -5.10290265083313E-4, 0.05396633595228195, -2.114800736308098E-5, 0.999958872795105, 0.0090640252456069, -0.05396874248981476, 0.009049673564732075, -0.9985018372535706), 
        fov = 41
    },
    {
        cframe = CFrame.new(2.5, 0, -7.6774007415771484, -0.998542845249176, -5.10290265083313E-4, 0.05396633595228195, -2.114800736308098E-5, 0.999958872795105, 0.0090640252456069, -0.05396874248981476, 0.009049673564732075, -0.9985018372535706), 
        fov = 41
    },
    {
        cframe = CFrame.new(2.5, 0, -7.6774007415771484, -0.998542845249176, -5.10290265083313E-4, 0.05396633595228195, -2.114800736308098E-5, 0.999958872795105, 0.0090640252456069, -0.05396874248981476, 0.009049673564732075, -0.9985018372535706), 
        fov = 41
    },
    {
        cframe = CFrame.new(2.5, 0, -7.5974007415771484, -0.998542845249176, -5.10290265083313E-4, 0.05396633595228195, -2.114800736308098E-5, 0.999958872795105, 0.0090640252456069, -0.05396874248981476, 0.009049673564732075, -0.9985018372535706), 
        fov = 41
    },
    {
        cframe = CFrame.new(2.5, 0, -7.5974007415771484, -0.998542845249176, -5.10290265083313E-4, 0.05396633595228195, -2.114800736308098E-5, 0.999958872795105, 0.0090640252456069, -0.05396874248981476, 0.009049673564732075, -0.9985018372535706), 
        fov = 41
    },
    {
        cframe = CFrame.new(2.5, 0, -7.5974007415771484, -0.998542845249176, -5.10290265083313E-4, 0.05396633595228195, -2.114800736308098E-5, 0.999958872795105, 0.0090640252456069, -0.05396874248981476, 0.009049673564732075, -0.9985018372535706), 
        fov = 41
    },
    {
        cframe = CFrame.new(2.5, 0, -7.5174007415771484, -0.998542845249176, -5.10290265083313E-4, 0.05396633595228195, -2.114800736308098E-5, 0.999958872795105, 0.0090640252456069, -0.05396874248981476, 0.009049673564732075, -0.9985018372535706), 
        fov = 41
    },
    {
        cframe = CFrame.new(2.5, 0, -7.5174007415771484, -0.998542845249176, -5.10290265083313E-4, 0.05396633595228195, -2.114800736308098E-5, 0.999958872795105, 0.0090640252456069, -0.05396874248981476, 0.009049673564732075, -0.9985018372535706), 
        fov = 41
    },
    {
        cframe = CFrame.new(2.5, 0, -7.5174007415771484, -0.998542845249176, -5.10290265083313E-4, 0.05396633595228195, -2.114800736308098E-5, 0.999958872795105, 0.0090640252456069, -0.05396874248981476, 0.009049673564732075, -0.9985018372535706), 
        fov = 41
    },
    {
        cframe = CFrame.new(2.5, 0, -7.5174007415771484, -0.998542845249176, -5.10290265083313E-4, 0.05396633595228195, -2.114800736308098E-5, 0.999958872795105, 0.0090640252456069, -0.05396874248981476, 0.009049673564732075, -0.9985018372535706), 
        fov = 41
    },
    {
        cframe = CFrame.new(2.5, 0, -7.5174007415771484, -0.998542845249176, -5.10290265083313E-4, 0.05396633595228195, -2.114800736308098E-5, 0.999958872795105, 0.0090640252456069, -0.05396874248981476, 0.009049673564732075, -0.9985018372535706), 
        fov = 41
    },
    {
        cframe = CFrame.new(2.5, 0, -7.5174007415771484, -0.998542845249176, -5.10290265083313E-4, 0.05396633595228195, -2.114800736308098E-5, 0.999958872795105, 0.0090640252456069, -0.05396874248981476, 0.009049673564732075, -0.9985018372535706), 
        fov = 41
    },
    {
        cframe = CFrame.new(2.5, 0, -7.5174007415771484, -0.998542845249176, -5.10290265083313E-4, 0.05396633595228195, -2.114800736308098E-5, 0.999958872795105, 0.0090640252456069, -0.05396874248981476, 0.009049673564732075, -0.9985018372535706), 
        fov = 41
    },
    {
        cframe = CFrame.new(2.5, 0, -7.5174007415771484, -0.998542845249176, -5.10290265083313E-4, 0.05396633595228195, -2.114800736308098E-5, 0.999958872795105, 0.0090640252456069, -0.05396874248981476, 0.009049673564732075, -0.9985018372535706), 
        fov = 41
    },
    {
        cframe = CFrame.new(2.5, 0, -7.5174007415771484, -0.998542845249176, -5.10290265083313E-4, 0.05396633595228195, -2.114800736308098E-5, 0.999958872795105, 0.0090640252456069, -0.05396874248981476, 0.009049673564732075, -0.9985018372535706), 
        fov = 41
    },
    {
        cframe = CFrame.new(2.5, 0, -7.5174007415771484, -0.998542845249176, -5.10290265083313E-4, 0.05396633595228195, -2.114800736308098E-5, 0.999958872795105, 0.0090640252456069, -0.05396874248981476, 0.009049673564732075, -0.9985018372535706), 
        fov = 41
    },
    {
        cframe = CFrame.new(2.5, 0, -7.5174007415771484, -0.998542845249176, -5.10290265083313E-4, 0.05396633595228195, -2.114800736308098E-5, 0.999958872795105, 0.0090640252456069, -0.05396874248981476, 0.009049673564732075, -0.9985018372535706), 
        fov = 41
    },
    {
        cframe = CFrame.new(2.5, 0, -7.5174007415771484, -0.998542845249176, -5.10290265083313E-4, 0.05396633595228195, -2.114800736308098E-5, 0.999958872795105, 0.0090640252456069, -0.05396874248981476, 0.009049673564732075, -0.9985018372535706), 
        fov = 41
    },
    {
        cframe = CFrame.new(2.5, 0, -7.5174007415771484, -0.998542845249176, -5.10290265083313E-4, 0.05396633595228195, -2.114800736308098E-5, 0.999958872795105, 0.0090640252456069, -0.05396874248981476, 0.009049673564732075, -0.9985018372535706), 
        fov = 41
    },
    {
        cframe = CFrame.new(2.5, 0, -7.5174007415771484, -0.998542845249176, -5.10290265083313E-4, 0.05396633595228195, -2.114800736308098E-5, 0.999958872795105, 0.0090640252456069, -0.05396874248981476, 0.009049673564732075, -0.9985018372535706), 
        fov = 41
    },
    {
        cframe = CFrame.new(2.5, 0, -7.5174007415771484, -0.998542845249176, -5.10290265083313E-4, 0.05396633595228195, -2.114800736308098E-5, 0.999958872795105, 0.0090640252456069, -0.05396874248981476, 0.009049673564732075, -0.9985018372535706), 
        fov = 41
    },
    {
        cframe = CFrame.new(2.5, 0, -7.5174007415771484, -0.998542845249176, -5.10290265083313E-4, 0.05396633595228195, -2.114800736308098E-5, 0.999958872795105, 0.0090640252456069, -0.05396874248981476, 0.009049673564732075, -0.9985018372535706), 
        fov = 41
    },
    {
        cframe = CFrame.new(2.5, 0, -7.5174007415771484, -0.998542845249176, -5.10290265083313E-4, 0.05396633595228195, -2.114800736308098E-5, 0.999958872795105, 0.0090640252456069, -0.05396874248981476, 0.009049673564732075, -0.9985018372535706), 
        fov = 41
    },
    {
        cframe = CFrame.new(2.5, 0, -7.5174007415771484, -0.998542845249176, -5.10290265083313E-4, 0.05396633595228195, -2.114800736308098E-5, 0.999958872795105, 0.0090640252456069, -0.05396874248981476, 0.009049673564732075, -0.9985018372535706), 
        fov = 41
    },
    {
        cframe = CFrame.new(2.5, 0, -7.5174007415771484, -0.998542845249176, -5.10290265083313E-4, 0.05396633595228195, -2.114800736308098E-5, 0.999958872795105, 0.0090640252456069, -0.05396874248981476, 0.009049673564732075, -0.9985018372535706), 
        fov = 41
    },
    {
        cframe = CFrame.new(2.5, 0, -7.5174007415771484, -0.998542845249176, -5.10290265083313E-4, 0.05396633595228195, -2.114800736308098E-5, 0.999958872795105, 0.0090640252456069, -0.05396874248981476, 0.009049673564732075, -0.9985018372535706), 
        fov = 41
    },
    {
        cframe = CFrame.new(2.5, 0, -7.5174007415771484, -0.998542845249176, -5.10290265083313E-4, 0.05396633595228195, -2.114800736308098E-5, 0.999958872795105, 0.0090640252456069, -0.05396874248981476, 0.009049673564732075, -0.9985018372535706), 
        fov = 41
    },
    {
        cframe = CFrame.new(2.5, 0, -7.5174007415771484, -0.998542845249176, -5.10290265083313E-4, 0.05396633595228195, -2.114800736308098E-5, 0.999958872795105, 0.0090640252456069, -0.05396874248981476, 0.009049673564732075, -0.9985018372535706), 
        fov = 41
    },
    {
        cframe = CFrame.new(2.5, 0, -7.5174007415771484, -0.998542845249176, -5.10290265083313E-4, 0.05396633595228195, -2.114800736308098E-5, 0.999958872795105, 0.0090640252456069, -0.05396874248981476, 0.009049673564732075, -0.9985018372535706), 
        fov = 41
    },
    {
        cframe = CFrame.new(2.5, 0, -7.5174007415771484, -0.998542845249176, -5.10290265083313E-4, 0.05396633595228195, -2.114800736308098E-5, 0.999958872795105, 0.0090640252456069, -0.05396874248981476, 0.009049673564732075, -0.9985018372535706), 
        fov = 41
    },
    {
        cframe = CFrame.new(2.5, 0, -7.5174007415771484, -0.998542845249176, -5.10290265083313E-4, 0.05396633595228195, -2.114800736308098E-5, 0.999958872795105, 0.0090640252456069, -0.05396874248981476, 0.009049673564732075, -0.9985018372535706), 
        fov = 41
    },
    {
        cframe = CFrame.new(2.5, 0, -7.5174007415771484, -0.998542845249176, -5.10290265083313E-4, 0.05396633595228195, -2.114800736308098E-5, 0.999958872795105, 0.0090640252456069, -0.05396874248981476, 0.009049673564732075, -0.9985018372535706), 
        fov = 41
    },
    {
        cframe = CFrame.new(2.5, 0, -7.5174007415771484, -0.998542845249176, -5.10290265083313E-4, 0.05396633595228195, -2.114800736308098E-5, 0.999958872795105, 0.0090640252456069, -0.05396874248981476, 0.009049673564732075, -0.9985018372535706), 
        fov = 41
    }
};
